Chr9 (trained on 15):
SymGatedGCN:
acc: (0.8301424922853613, 0.007101224726230073), precision: (0.9160111158239687, 0.00972272749589809), recall: (0.8734835092170252, 0.020028524044763716), f1: (0.8940413062979149, 0.0061798984540991165)
acc_inv: (0.8301424922853613, 0.007101224726230073), precision_inv: (0.522541581304234, 0.017236383412959296), recall_inv: (0.6312598693377094, 0.05396491671958023), f1_inv: (0.5702396833678883, 0.012031478690339393)

GAT:
acc: (0.8263452834056321, 0.005971217304973857), precision: (0.9202283189065109, 0.004259045323413266), recall: (0.8634125934522685, 0.012421249272288383), f1: (0.8908520470838276, 0.0047318961491994195)
acc_inv: (0.8263452834056321, 0.005971217304973857), precision_inv: (0.5121686449913767, 0.013812536922495972), recall_inv: (0.6562513546149797, 0.02459306289512086), f1_inv: (0.5748741374233737, 0.0032808270517395224)

SymGAT:
acc: (0.8146057362563088, 0.00581974743084867), precision: (0.9225942806952138, 0.0033192279524718615), recall: (0.8451556638147418, 0.011116819171108488), f1: (0.882129776316059, 0.004652621452553112)
acc_inv: (0.8146057362563088, 0.00581974743084867), precision_inv: (0.48738144691836205, 0.01073288066497148), recall_inv: (0.6744186766572746, 0.019091024109722618), f1_inv: (0.5655748649808248, 0.002447230862814821)
