Chr21 (trained on 15):
SymGatedGCN:
acc: (0.984650974597143, 0.00433200250243265), precision: (0.9998194483804524, 7.827066227169826e-05), recall: (0.9847941461694437, 0.004409870891316927), f1: (0.99224582346533, 0.002202133403092189)
acc_inv: (0.984650974597143, 0.00433200250243265), precision_inv: (0.12864798479512254, 0.036629013492757476), recall_inv: (0.9217054263565891, 0.03438489165304943), f1_inv: (0.22378802267917886, 0.05295265051308235)


Mamba1:
acc: (0.9874513847221182, 0.004426172913764797), precision: (0.9997186789261707, 0.00024953321741186485), recall: (0.9876949336367117, 0.004381297563484567), f1: (0.9936658651173959, 0.0022527199653774757)
acc_inv: (0.9874513847221182, 0.004426172913764797), precision_inv: (0.1285348236348254, 0.08098702091148237), recall_inv: (0.8425925520662363, 0.08589836722055305), f1_inv: (0.21500261576482105, 0.1209215833998852)

Mamba2:
acc: (0.9915768761235079, 0.003980587400663833), precision: (0.9995182993701981, 0.00045280664065934674), recall: (0.9920303347345625, 0.003868304557344345), f1: (0.9957567633400288, 0.0020165341111040625)
acc_inv: (0.9915768761235079, 0.003980587400663833), precision_inv: (0.17015542857861995, 0.09585003337199395), recall_inv: (0.7835704125177809, 0.0775469993438432), f1_inv: (0.26710222164199865, 0.11682858910597882)

Random:
acc: (0.9886971360213919, 0.001913964595413109), precision: (0.9996775509604485, 9.71850643912885e-05), recall: (0.9889905668694349, 0.001998789898287203), f1: (0.9943044637899703, 0.0009702786100677676)
acc_inv: (0.9886971360213919, 0.001913964595413109), precision_inv: (0.15316415826771998, 0.018481853937947625), recall_inv: (0.8596899224806202, 0.04258277199061171), f1_inv: (0.259293321499784, 0.02507388915237946)